# constants.luz — Mathematical constants

PI  = 3.14159265358979
TAU = 6.28318530717959
E   = 2.71828182845905
